                result  goaldiff  avg_diff30  avg_points15
result        1.000000  0.840083    0.155630      0.134720
goaldiff      0.840083  1.000000    0.192188      0.159197
avg_diff30    0.155630  0.192188    1.000000      0.787799
avg_points15  0.134720  0.159197    0.787799      1.000000

                result  avg_diff50  avg_diff5  avg_points15  avg_points5
result        1.000000    0.156561   0.116118      0.134720     0.100578
avg_diff50    0.156561    1.000000   0.595286      0.710178     0.492057
avg_diff5     0.116118    0.595286   1.000000      0.671533     0.860522
avg_points15  0.134720    0.710178   0.671533      1.000000     0.707833
avg_points5   0.100578    0.492057   0.860522      0.707833     1.000000

